1024
512
256
128
64
32
16
8
4
2
1
3
6
5
7
12
10
9
11
14
13
15
24
20
18
17
19
22
21
23
28
26
25
27
30
29
31
48
40
36
34
33
35
38
37
39
44
42
41
43
46
45
47
56
52
50
49
51
54
53
55
60
58
57
59
62
61
63
96
80
72
68
66
65
67
70
69
71
76
74
73
75
78
77
79
88
84
82
81
83
86
85
87
92
90
89
91
94
93
95
112
104
100
98
97
99
102
101
103
108
106
105
107
110
109
111
120
116
114
113
115
118
117
119
124
122
121
123
126
125
127
192
160
144
136
132
130
129
131
134
133
135
140
138
137
139
142
141
143
152
148
146
145
147
150
149
151
156
154
153
155
158
157
159
176
168
164
162
161
163
166
165
167
172
170
169
171
174
173
175
184
180
178
177
179
182
181
183
188
186
185
187
190
189
191
224
208
200
196
194
193
195
198
197
199
204
202
201
203
206
205
207
216
212
210
209
211
214
213
215
220
218
217
219
222
221
223
240
232
228
226
225
227
230
229
231
236
234
233
235
238
237
239
248
244
242
241
243
246
245
247
252
250
249
251
254
253
255
384
320
288
272
264
260
258
257
259
262
261
263
268
266
265
267
270
269
271
280
276
274
273
275
278
277
279
284
282
281
283
286
285
287
304
296
292
290
289
291
294
293
295
300
298
297
299
302
301
303
312
308
306
305
307
310
309
311
316
314
313
315
318
317
319
352
336
328
324
322
321
323
326
325
327
332
330
329
331
334
333
335
344
340
338
337
339
342
341
343
348
346
345
347
350
349
351
368
360
356
354
353
355
358
357
359
364
362
361
363
366
365
367
376
372
370
369
371
374
373
375
380
378
377
379
382
381
383
448
416
400
392
388
386
385
387
390
389
391
396
394
393
395
398
397
399
408
404
402
401
403
406
405
407
412
410
409
411
414
413
415
432
424
420
418
417
419
422
421
423
428
426
425
427
430
429
431
440
436
434
433
435
438
437
439
444
442
441
443
446
445
447
480
464
456
452
450
449
451
454
453
455
460
458
457
459
462
461
463
472
468
466
465
467
470
469
471
476
474
473
475
478
477
479
496
488
484
482
481
483
486
485
487
492
490
489
491
494
493
495
504
500
498
497
499
502
501
503
508
506
505
507
510
509
511
768
640
576
544
528
520
516
514
513
515
518
517
519
524
522
521
523
526
525
527
536
532
530
529
531
534
533
535
540
538
537
539
542
541
543
560
552
548
546
545
547
550
549
551
556
554
553
555
558
557
559
568
564
562
561
563
566
565
567
572
570
569
571
574
573
575
608
592
584
580
578
577
579
582
581
583
588
586
585
587
590
589
591
600
596
594
593
595
598
597
599
604
602
601
603
606
605
607
624
616
612
610
609
611
614
613
615
620
618
617
619
622
621
623
632
628
626
625
627
630
629
631
636
634
633
635
638
637
639
704
672
656
648
644
642
641
643
646
645
647
652
650
649
651
654
653
655
664
660
658
657
659
662
661
663
668
666
665
667
670
669
671
688
680
676
674
673
675
678
677
679
684
682
681
683
686
685
687
696
692
690
689
691
694
693
695
700
698
697
699
702
701
703
736
720
712
708
706
705
707
710
709
711
716
714
713
715
718
717
719
728
724
722
721
723
726
725
727
732
730
729
731
734
733
735
752
744
740
738
737
739
742
741
743
748
746
745
747
750
749
751
760
756
754
753
755
758
757
759
764
762
761
763
766
765
767
896
832
800
784
776
772
770
769
771
774
773
775
780
778
777
779
782
781
783
792
788
786
785
787
790
789
791
796
794
793
795
798
797
799
816
808
804
802
801
803
806
805
807
812
810
809
811
814
813
815
824
820
818
817
819
822
821
823
828
826
825
827
830
829
831
864
848
840
836
834
833
835
838
837
839
844
842
841
843
846
845
847
856
852
850
849
851
854
853
855
860
858
857
859
862
861
863
880
872
868
866
865
867
870
869
871
876
874
873
875
878
877
879
888
884
882
881
883
886
885
887
892
890
889
891
894
893
895
960
928
912
904
900
898
897
899
902
901
903
908
906
905
907
910
909
911
920
916
914
913
915
918
917
919
924
922
921
923
926
925
927
944
936
932
930
929
931
934
933
935
940
938
937
939
942
941
943
952
948
946
945
947
950
949
951
956
954
953
955
958
957
959
992
976
968
964
962
961
963
966
965
967
972
970
969
971
974
973
975
984
980
978
977
979
982
981
983
988
986
985
987
990
989
991
1008
1000
996
994
993
995
998
997
999
1004
1002
1001
1003
1006
1005
1007
1016
1012
1010
1009
1011
1014
1013
1015
1020
1018
1017
1019
1022
1021
1023
1536
1280
1152
1088
1056
1040
1032
1028
1026
1025
1027
1030
1029
1031
1036
1034
1033
1035
1038
1037
1039
1048
1044
1042
1041
1043
1046
1045
1047
1052
1050
1049
1051
1054
1053
1055
1072
1064
1060
1058
1057
1059
1062
1061
1063
1068
1066
1065
1067
1070
1069
1071
1080
1076
1074
1073
1075
1078
1077
1079
1084
1082
1081
1083
1086
1085
1087
1120
1104
1096
1092
1090
1089
1091
1094
1093
1095
1100
1098
1097
1099
1102
1101
1103
1112
1108
1106
1105
1107
1110
1109
1111
1116
1114
1113
1115
1118
1117
1119
1136
1128
1124
1122
1121
1123
1126
1125
1127
1132
1130
1129
1131
1134
1133
1135
1144
1140
1138
1137
1139
1142
1141
1143
1148
1146
1145
1147
1150
1149
1151
1216
1184
1168
1160
1156
1154
1153
1155
1158
1157
1159
1164
1162
1161
1163
1166
1165
1167
1176
1172
1170
1169
1171
1174
1173
1175
1180
1178
1177
1179
1182
1181
1183
1200
1192
1188
1186
1185
1187
1190
1189
1191
1196
1194
1193
1195
1198
1197
1199
1208
1204
1202
1201
1203
1206
1205
1207
1212
1210
1209
1211
1214
1213
1215
1248
1232
1224
1220
1218
1217
1219
1222
1221
1223
1228
1226
1225
1227
1230
1229
1231
1240
1236
1234
1233
1235
1238
1237
1239
1244
1242
1241
1243
1246
1245
1247
1264
1256
1252
1250
1249
1251
1254
1253
1255
1260
1258
1257
1259
1262
1261
1263
1272
1268
1266
1265
1267
1270
1269
1271
1276
1274
1273
1275
1278
1277
1279
1408
1344
1312
1296
1288
1284
1282
1281
1283
1286
1285
1287
1292
1290
1289
1291
1294
1293
1295
1304
1300
1298
1297
1299
1302
1301
1303
1308
1306
1305
1307
1310
1309
1311
1328
1320
1316
1314
1313
1315
1318
1317
1319
1324
1322
1321
1323
1326
1325
1327
1336
1332
1330
1329
1331
1334
1333
1335
1340
1338
1337
1339
1342
1341
1343
1376
1360
1352
1348
1346
1345
1347
1350
1349
1351
1356
1354
1353
1355
1358
1357
1359
1368
1364
1362
1361
1363
1366
1365
1367
1372
1370
1369
1371
1374
1373
1375
1392
1384
1380
1378
1377
1379
1382
1381
1383
1388
1386
1385
1387
1390
1389
1391
1400
1396
1394
1393
1395
1398
1397
1399
1404
1402
1401
1403
1406
1405
1407
1472
1440
1424
1416
1412
1410
1409
1411
1414
1413
1415
1420
1418
1417
1419
1422
1421
1423
1432
1428
1426
1425
1427
1430
1429
1431
1436
1434
1433
1435
1438
1437
1439
1456
1448
1444
1442
1441
1443
1446
1445
1447
1452
1450
1449
1451
1454
1453
1455
1464
1460
1458
1457
1459
1462
1461
1463
1468
1466
1465
1467
1470
1469
1471
1504
1488
1480
1476
1474
1473
1475
1478
1477
1479
1484
1482
1481
1483
1486
1485
1487
1496
1492
1490
1489
1491
1494
1493
1495
1500
1498
1497
1499
1502
1501
1503
1520
1512
1508
1506
1505
1507
1510
1509
1511
1516
1514
1513
1515
1518
1517
1519
1528
1524
1522
1521
1523
1526
1525
1527
1532
1530
1529
1531
1534
1533
1535
1792
1664
1600
1568
1552
1544
1540
1538
1537
1539
1542
1541
1543
1548
1546
1545
1547
1550
1549
1551
1560
1556
1554
1553
1555
1558
1557
1559
1564
1562
1561
1563
1566
1565
1567
1584
1576
1572
1570
1569
1571
1574
1573
1575
1580
1578
1577
1579
1582
1581
1583
1592
1588
1586
1585
1587
1590
1589
1591
1596
1594
1593
1595
1598
1597
1599
1632
1616
1608
1604
1602
1601
1603
1606
1605
1607
1612
1610
1609
1611
1614
1613
1615
1624
1620
1618
1617
1619
1622
1621
1623
1628
1626
1625
1627
1630
1629
1631
1648
1640
1636
1634
1633
1635
1638
1637
1639
1644
1642
1641
1643
1646
1645
1647
1656
1652
1650
1649
1651
1654
1653
1655
1660
1658
1657
1659
1662
1661
1663
1728
1696
1680
1672
1668
1666
1665
1667
1670
1669
1671
1676
1674
1673
1675
1678
1677
1679
1688
1684
1682
1681
1683
1686
1685
1687
1692
1690
1689
1691
1694
1693
1695
1712
1704
1700
1698
1697
1699
1702
1701
1703
1708
1706
1705
1707
1710
1709
1711
1720
1716
1714
1713
1715
1718
1717
1719
1724
1722
1721
1723
1726
1725
1727
1760
1744
1736
1732
1730
1729
1731
1734
1733
1735
1740
1738
1737
1739
1742
1741
1743
1752
1748
1746
1745
1747
1750
1749
1751
1756
1754
1753
1755
1758
1757
1759
1776
1768
1764
1762
1761
1763
1766
1765
1767
1772
1770
1769
1771
1774
1773
1775
1784
1780
1778
1777
1779
1782
1781
1783
1788
1786
1785
1787
1790
1789
1791
1920
1856
1824
1808
1800
1796
1794
1793
1795
1798
1797
1799
1804
1802
1801
1803
1806
1805
1807
1816
1812
1810
1809
1811
1814
1813
1815
1820
1818
1817
1819
1822
1821
1823
1840
1832
1828
1826
1825
1827
1830
1829
1831
1836
1834
1833
1835
1838
1837
1839
1848
1844
1842
1841
1843
1846
1845
1847
1852
1850
1849
1851
1854
1853
1855
1888
1872
1864
1860
1858
1857
1859
1862
1861
1863
1868
1866
1865
1867
1870
1869
1871
1880
1876
1874
1873
1875
1878
1877
1879
1884
1882
1881
1883
1886
1885
1887
1904
1896
1892
1890
1889
1891
1894
1893
1895
1900
1898
1897
1899
1902
1901
1903
1912
1908
1906
1905
1907
1910
1909
1911
1916
1914
1913
1915
1918
1917
1919
1984
1952
1936
1928
1924
1922
1921
1923
1926
1925
1927
1932
1930
1929
1931
1934
1933
1935
1944
1940
1938
1937
1939
1942
1941
1943
1948
1946
1945
1947
1950
1949
1951
1968
1960
1956
1954
1953
1955
1958
1957
1959
1964
1962
1961
1963
1966
1965
1967
1976
1972
1970
1969
1971
1974
1973
1975
1980
1978
1977
1979
1982
1981
1983
2016
2000
1992
1988
1986
1985
1987
1990
1989
1991
1996
1994
1993
1995
1998
1997
1999
2008
2004
2002
2001
2003
2006
2005
2007
2012
2010
2009
2011
2014
2013
2015
2032
2024
2020
2018
2017
2019
2022
2021
2023
2028
2026
2025
2027
2030
2029
2031
2040
2036
2034
2033
2035
2038
2037
2039
2044
2042
2041
2043
2046
2045
2047